45.0232 -69.5771 -11.1588
-92.3546 14.2452 24.5998
-35.1981 -72.0805 92.348
90.267 87.5571 52.7297
-54.7492 -80.6071 25.0827
-40.4033 47.4709 -67.4398
46.8044 56.5115 -51.7829
-85.9201 29.4301 99.8116
-61.6555 9.74172 13.0496
51.6144 -84.2219 -22.272
9.34808 79.5432 95.1466
-78.2632 -27.8753 76.8547
68.0879 -60.3388 -11.7591
10.8901 -24.9354 79.4566
24.3062 -12.248 -43.6043
-25.6737 -15.2193 33.3272
33.3692 -98.3201 -18.0059
97.8316 -12.8767 -2.27715
-90.9113 -81.0023 81.2577
-34.9095 -2.29461 -62.2419
-72.5262 33.8782 83.6632
-28.0689 -84.0254 95.0961
-69.0143 23.5058 78.5348
-63.4625 -32.9585 37.3021
-43.0334 87.8201 9.43995
-51.2142 7.53677 19.9399
-2.72639 66.8639 97.9967
-5.67565 -56.3125 68.1086
70.6658 -69.6997 8.44472
-9.66702 -30.7515 -19.1483
76.9781 86.6932 6.2814
-85.1637 -15.3121 -87.9672
64.7004 55.7843 28.9406
-98.7213 23.3705 83.5233
-85.4224 -75.1715 -91.9828
57.7854 -34.2909 -32.2445
73.2457 86.5984 -58.1921
64.3045 -56.7295 97.8196
-27.4343 52.3947 -99.4524
45.8932 49.9315 -69.2096
-4.72481 46.3456 -58.8201
-68.9522 92.6613 48.9796
-89.379 -22.8732 6.93962
-5.0115 41.2952 1.77588
-53.1538 77.4535 -47.4712
-2.90563 2.12036 48.3959
-28.7328 65.4785 88.9123
-59.6605 -80.0591 -28.9124
60.7549 -20.7782 -41.5053
-70.5686 11.8922 33.1466
-47.6979 -16.6477 -75.8578
-63.7429 -75.7569 -48.315
-78.3738 42.8364 -93.9654
22.7342 27.8617 -27.94
37.3139 -29.5176 99.0367
-64.3049 18.8035 -75.9467
96.9136 -81.0726 -85.9931
89.7051 6.53756 25.5564
-67.7269 86.4667 -63.1034
62.6425 83.4493 47.0801
50.6977 -51.2292 48.0233
66.5181 -19.8084 -20.2597
-39.5642 0.432355 -87.0665
57.8785 10.6514 -78.0984
-60.3998 -70.7488 38.8271
38.1352 -68.7973 96.5207
-45.1962 0.0509572 -24.1291
42.7605 -6.04466 -50.4146
55.1439 44.7889 84.9279
-93.2689 -38.3986 73.8433
-87.0944 69.2512 95.2683
47.7612 43.7177 -66.8128
-29.7654 -19.6364 -34.2188
75.9661 45.4244 -50.4358
-25.4637 34.9067 94.6746
-9.81853 32.6129 46.3373
-42.4898 -69.6301 -59.3372
-83.7606 25.2286 -98.2255
-86.1777 81.8175 -21.9397
-64.1181 0.900421 -5.3643
18.3682 -11.0533 94.8297
59.6324 -88.4058 82.7342
75.5199 57.8415 -91.912
-15.3208 -82.0843 -18.9886
94.5299 94.8806 95.4213
14.6039 47.6854 -61.1184
75.1815 24.9447 72.1232
52.1297 -65.6612 -51.9529
63.4162 19.1488 96.5116
95.952 -17.01 78.536
85.5275 87.0171 88.0931
52.0681 -3.08576 -19.6778
-12.0802 -11.4672 -12.9785
-71.359 39.762 -2.02953
44.5843 -55.7199 -68.679
-10.6131 -37.4309 -92.2062
-91.2513 98.4972 88.6413
-86.3971 77.429 74.1393
-6.21846 -7.63667 -76.4806
-55.1895 -13.9384 -66.2837
-47.8425 -48.5135 -79.1804
64.121 2.6141 -76.6222
-92.4767 -84.455 61.1352
96.5849 44.2547 -52.1818
47.1939 91.3632 88.0969
-12.0396 14.3795 -70.5206
-75.7857 -4.63724 -28.5356
73.7112 -72.5923 42.3582
-92.5961 69.4773 -85.0844
54.0411 54.1569 12.4234
96.7088 -53.0274 -62.637
4.36363 -3.34654 -39.0114
-64.7477 38.537 8.42655
-51.8974 7.33516 -49.6484
8.76894 -40.13 -11.6246
6.32182 41.8653 84.6603
-67.0346 -49.2966 22.8985
92.4626 68.3822 93.9582
70.9403 25.5754 63.2728
29.3741 79.005 -28.8231
-4.7258 83.4904 -64.9307
-42.2658 34.6212 59.714
96.4799 82.3261 -14.3538
-0.843969 -10.1482 -39.1539
-59.6844 -35.1988 -90.3571
-79.8527 -44.6338 51.5145
71.3904 40.7971 -54.9271
-6.1319 -42.7271 -95.2417
-8.50762 -27.6131 -78.8767
29.9267 95.9621 36.6213
62.4379 97.4122 35.0755
88.0176 -94.7171 -39.8824
36.6144 2.45015 90.1156
-21.2901 -97.9574 83.6777
6.42916 -29.8899 -56.4589
-33.469 -53.5969 75.9548
77.8849 76.8801 -76.4483
-11.929 66.2619 56.8893
-2.9395 -36.1497 45.4601
-70.7671 -35.9678 54.2288
-95.7233 -81.6879 99.1575
53.0661 28.2721 42.8316
11.6121 -93.7497 -40.7104
-79.9769 -25.7224 29.5247
-37.8089 -52.0474 30.619
27.8062 -21.057 -95.135
68.0182 -86.4918 -21.6955
-36.7575 -51.0056 76.3389
-89.236 -65.3167 31.6731
-47.2338 28.65 -36.021
-18.0294 48.69 -90.1529
-40.7941 38.9513 -53.8519
-81.374 84.3352 -24.7112
21.0526 -16.974 -59.3566
-35.9 -48.3672 -72.7129
44.9292 -6.46428 -7.61836
5.42016 -35.9919 -30.2866
63.043 59.7435 -75.922
4.94417 -44.5619 -73.741
-85.4044 -14.1306 98.0579
17.2455 87.9265 54.505
5.63438 35.2103 -70.9619
97.0219 4.37939 -61.2902
-28.4182 -71.3489 57.0181
18.9863 -57.52 57.0671
-26.6597 -99.3052 65.1021
-26.8758 -32.5511 -86.2487
22.8632 49.1531 -70.5766
-64.7926 -37.4568 -64.3175
-1.03752 84.8547 49.7881
-72.0796 -26.1987 -60.0723
48.5448 15.748 71.5842
-46.1902 -80.3056 41.2371
-95.1673 55.4876 -20.5208
-2.77201 11.4746 48.0584
-19.7965 18.2013 -50.2335
74.6562 -15.8257 10.0265
-12.1799 75.4313 79.6043
74.8009 74.6133 73.849
-75.8032 -17.8858 18.304
29.425 33.4661 -76.5291
-83.5079 29.0746 -63.892
-64.7211 50.8584 64.1903
-60.5842 -83.51 37.7704
-27.6241 -81.869 48.0268
3.3881 93.4163 -26.7754
-18.4605 -8.5371 -7.69645
-65.6299 25.9031 -15.4651
-28.3458 -62.7695 97.1132
93.0987 11.7938 -59.5268
57.8042 33.0782 -12.1792
1.11831 19.3608 23.7492
-88.2414 -1.14651 3.553
-80.807 -62.6736 -77.1046
28.1592 80.8297 23.7589
-54.8874 88.3372 -9.01524
81.4473 90.8139 80.4378
37.1283 -93.7002 62.4118
59.1191 77.8662 -42.2699
36.1769 54.347 -83.5795
-1.41945 -66.0616 39.7686
83.5382 -38.2199 -23.6984
37.904 24.5474 75.5206
29.4384 97.7601 50.898
97.2915 95.4456 13.1903
22.9759 -35.114 -29.1578
18.838 -60.0744 -62.6084
-16.3602 30.9252 63.5295
63.7296 -43.2086 -89.7318
1.46031 -73.0306 -95.6747
40.6246 10.6959 -47.4081
-92.0276 91.948 34.3719
-89.0844 -60.4096 -47.3025
-22.2379 21.3348 20.1233
-8.62266 81.5816 -87.6382
-60.9874 3.76183 11.1189
-23.072 62.056 -81.6177
-87.7501 1.95899 98.3154
-27.3753 -79.5328 -40.2853
-13.395 83.7289 62.3678
99.0034 74.6998 -91.0685
40.524 43.0767 30.4606
-20.5492 71.0963 62.57
1.335 42.6835 -53.8265
-7.94369 42.0198 -10.7454
-31.0216 -3.22019 -46.7775
2.38491 -82.5561 11.5252
93.8075 -41.3048 -12.6079
47.7605 -61.7006 33.9587
78.7901 17.5407 -71.4012
-40.6906 -50.454 20.469
-19.9637 -92.2232 -41.5634
-69.7294 -18.1026 72.8392
-32.0197 84.854 -37.6296
-38.4711 -63.5006 -44.0463
-8.65459 74.0341 92.0488
-2.53205 23.5985 26.369
55.4739 70.5512 -45.5436
76.0894 37.732 -28.0653
18.4308 6.41493 -56.0439
-92.2827 -60.5269 -33.6317
6.30216 48.3048 -78.148
6.46433 -36.0625 -0.958293
29.783 -39.9585 -35.4488
72.4036 -38.3034 77.5963
0.840814 -93.6497 53.773
92.2261 -10.3951 75.427
45.02 83.7566 27.6006
6.4526 64.6191 -18.0237
54.6714 33.9687 38.6988
66.5453 -58.5407 62.1331
75.1947 45.9807 40.2434
-79.6698 -54.6016 98.851
-47.7089 59.4046 14.0626
-16.098 15.7614 38.2527
79.4383 45.5032 -68.5583
-30.7227 59.0848 76.8573
3.09314 12.8429 -10.8507
19.2336 54.9035 3.36799
33.9958 -39.3417 -27.9146
-42.9997 -98.6921 60.467
-99.7768 -94.6989 47.0762
91.5951 48.3428 31.1421
67.5822 -2.87744 -11.3455
9.12132 -54.7742 -44.8689
-70.5889 47.9656 28.2128
13.6514 91.7967 86.8015
-37.4674 -54.7361 54.5694
-81.4085 -29.4723 -81.0987
-32.2255 73.9128 78.9478
87.4242 46.7225 -57.4109
-25.0626 21.3317 -7.71163
-98.9186 40.8522 73.5015
52.5353 -8.36003 45.2491
5.51378 -99.9966 -88.3792
98.0023 34.6148 69.1861
91.3902 -68.5426 -82.3353
17.8767 -40.6518 -46.3494
-23.6692 -77.7999 81.1501
66.9282 62.3336 45.9333
78.4279 -90.4509 -73.331
54.8807 -97.2501 27.0791
-93.5796 16.0053 28.338
17.2094 -46.6694 -73.4385
-47.6064 -70.7667 49.4235
81.5746 82.0096 -45.033
81.3618 -11.7168 37.1412
72.6693 92.2522 64.751
-65.2993 86.212 60.6201
48.663 4.71608 44.6211
35.9721 49.5752 71.0446
45.1653 -47.0192 -70.7751
27.6479 45.4102 -91.6732
-45.4294 -8.41279 14.4212
-55.4916 -58.5149 88.094
21.3778 -31.2422 -75.3996
-97.3553 6.60851 12.7169
-94.2782 -40.1783 19.795
-39.4628 82.4818 -93.7733
-80.3633 36.8565 77.9687
86.9617 -22.2421 99.3826
-24.5793 28.9428 -54.274
-22.0287 -52.8522 -62.6924
30.1392 -68.5964 -19.4696
15.3244 42.7343 21.2105
5.894 -73.2752 -67.6244
-7.10505 -93.1051 46.8277
-29.3726 -0.594966 62.1133
-94.0957 98.1297 -20.1154
67.2853 -3.90741 47.6684
-38.6771 -39.9321 70.3196
-11.8794 -16.3349 29.8933
77.6912 43.53 48.8435
-70.0274 40.7229 -5.79101
-23.7528 -36.3241 6.76455
49.1371 -59.6583 37.5813
3.43062 -80.5277 3.13578
-27.9778 -85.7915 -77.089
-88.7948 -2.26615 -93.1264
7.82712 -56.3329 53.9176
-8.90818 -33.0191 -87.1828
13.8596 63.9176 46.9543
-85.4633 2.20262 75.8586
-86.7391 -2.48236 81.726
-61.6278 -65.3209 -3.22717
-11.3036 46.3044 69.2939
-20.2012 16.5645 34.3341
54.1801 -35.5468 13.2054
-57.8181 -64.557 -53.9078
17.5043 -9.6233 56.0688
-47.6787 63.9858 -90.0074
85.7903 30.2199 -29.883
13.0393 -41.9408 21.9906
-69.1882 -84.7993 30.286
42.9628 0.167513 12.3889
-22.3964 18.6487 -42.1819
53.0276 87.2214 2.1303
-82.4396 -93.4842 -30.738
55.8714 41.5284 96.0021
-2.47722 69.3372 -58.9774
-76.9107 -17.8876 -97.9606
-31.5767 -69.4069 -12.9704
64.3121 -45.1591 -87.5448
23.5815 -13.0109 -80.8583
-45.3999 -30.1245 14.5063
50.5207 74.2747 -60.4097
60.2824 -20.7401 -72.6273
8.90088 63.0221 55.013
20.4751 -37.4216 -31.8478
-59.7882 66.7388 80.1997
53.0512 -32.0902 -89.8762
-56.6538 51.1226 9.11024
-74.6651 84.4327 -99.9371
28.9758 46.062 -36.5652
33.3135 51.9751 94.9974
58.3983 -99.4922 -17.4907
80.0313 87.8462 -90.3994
2.59702 91.6197 47.6789
-73.508 61.585 -30.862
91.5919 -64.2651 19.3801
-72.7935 -60.9181 47.1115
99.8521 90.5638 42.1391
-37.5056 -51.1916 -75.3929
29.5991 44.7286 -87.7671
-45.9675 11.7793 39.439
-59.0789 14.4701 91.9527
-17.1186 -53.2511 52.9194
-30.2152 70.7127 30.7962
6.82678 -56.0476 99.8385
27.5744 73.3027 31.7845
16.9791 -46.0988 -45.97
34.1712 -72.6258 -82.8993
-80.7549 39.4695 -95.1564
-51.8884 95.7957 74.5909
5.11945 37.3333 93.255
86.1044 -57.5618 33.0848
50.8271 -88.8264 -60.362
-36.18 37.7017 58.8124
-94.9709 62.6245 -10.2391
14.1722 84.8661 -65.7843
0.97485 -36.0093 -45.462
35.982 62.3451 35.969
-9.6408 44.2618 32.5807
-48.5326 -52.1935 -36.4205
-20.5266 -5.30133 -33.4355
-66.487 14.101 -19.2081
-56.7824 53.4993 -10.0483
29.4801 -16.7404 22.7402
-95.6694 -20.3373 9.80011
76.1583 -92.574 57.908
8.58609 -0.165501 -9.17316
21.3641 15.2789 17.43
-78.3939 73.6725 -77.7545
-99.5378 -84.3501 -8.10608
86.0502 -96.1872 33.2584
68.2435 -69.8485 -19.6348
84.2378 -19.5442 79.8835
-42.7428 14.639 -74.8376
-19.8052 86.8151 2.42892
70.191 92.6994 -90.0915
-55.5742 -19.5088 -50.5963
58.0852 62.1945 -36.3602
13.1846 44.8207 -77.0017
-53.8633 14.0192 -41.1497
-64.347 -65.9922 45.2488
-63.1287 -98.6041 7.33348
-62.768 38.4582 -75.2193
27.8761 93.4013 79.7076
98.5744 -31.7272 -41.2404
47.9546 40.1879 84.1754
21.5854 33.8926 34.0547
63.3073 16.567 -84.8881
-50.2001 -22.0758 -18.4455
56.3233 41.369 -15.4376
-91.561 96.861 73.0794
88.9659 71.3788 91.6974
84.8325 -8.03947 96.4248
23.4799 -69.6621 83.8651
-92.4645 33.8516 72.6804
66.182 51.2103 36.2862
-86.2453 -42.7722 -38.1453
-97.6223 -59.5568 95.113
-69.784 -89.4995 18.2711
-89.6498 71.1889 13.0842
96.0016 96.9063 79.3729
-30.6964 66.7758 39.9765
87.9997 -15.6735 92.027
53.1162 -46.5881 -67.1731
-5.37365 -10.5905 43.4949
-34.3921 89.7606 -39.6619
65.6611 7.87038 53.5406
-65.422 7.92086 79.6247
34.275 67.6801 -1.53612
26.8319 12.6734 -15.5619
73.896 -89.6971 84.9425
49.7968 28.1617 -35.0285
78.386 47.1575 -37.1001
-50.6014 -53.8312 -72.5568
4.88019 76.7853 -68.3282
7.91691 85.085 -2.68628
64.4137 -21.4864 9.65809
66.8556 44.7639 85.0383
61.7595 97.8847 85.8654
44.6547 -53.961 -95.2346
7.94464 -42.5206 -65.3358
39.0818 83.3061 32.5939
90.2779 65.9334 0.890275
-82.4008 -2.02874 -76.0503
-13.0769 -18.1347 -20.965
57.3475 33.7857 66.3547
-83.6183 -11.9932 68.3196
-91.9702 7.30794 -57.876
-4.07284 -75.2932 57.8592
92.1164 67.8656 62.4175
-66.879 -40.2261 26.6509
41.831 62.2998 49.523
79.6166 -95.8321 41.3626
69.7822 -69.6836 -45.1682
96.4688 -14.6534 -68.5173
-85.7427 71.8863 -56.0303
-76.4427 13.9058 -59.2866
52.953 -82.3747 -70.6548
17.8377 -73.757 -24.995
9.97962 44.3653 -46.4702
-33.05 10.5247 67.3491
-87.595 86.6549 43.8451
-15.1957 -15.1495 -53.4171
-87.5231 -13.2106 -55.8561
-57.1662 42.0994 86.9448
0.294694 -55.1179 -71.3547
80.6367 59.996 95.4332
32.4918 -71.9411 45.0882
83.7867 -72.0471 26.2091
-13.4053 17.9908 -45.0113
-3.17669 -23.5868 63.1298
78.1025 -15.8781 49.3701
19.3874 70.2989 48.9069
47.6221 -15.7492 -0.67396
-5.1515 56.7401 -9.08779
93.2204 68.3516 -62.5845
-45.0005 -81.684 35.6094
86.5278 83.2736 -81.9706
-61.7492 -62.4801 45.7333
50.9545 54.1486 7.59549
-98.678 -54.8941 -89.5124
-8.63965 -46.9286 -10.8331
-33.806 3.85745 -88.808
-97.8728 72.8089 27.7994
-45.4431 92.4838 6.69179
8.79085 72.8989 -55.912
95.1075 -38.3791 -44.9921
77.6626 -13.6935 -95.5765
-52.8664 -49.471 -53.4415
20.7759 -11.4962 32.0942
75.3695 -26.663 5.24
38.865 -95.5031 -69.1315
71.8678 52.1149 52.0289
-67.5156 16.9845 -1.14145
63.4357 19.4279 64.312
-76.012 37.0024 73.0283
